# x(km),y(km),ux(m),uy(m),uz(m)
-120.182592 34.763312 0.004392 -0.000487 -0.000829
-122.651142 33.302894 0.000056 0.000548 0.000115
-121.749727 35.584533 -0.000536 -0.000937 0.000138
-122.522725 35.951486 -0.000425 -0.000084 -0.000080
-120.798527 33.286796 0.000201 0.001626 0.000438
-121.050200 33.746377 0.000606 0.004877 0.001091
-122.978697 35.691037 -0.000632 0.000131 -0.000205
-119.798435 33.811257 0.001418 -0.000352 -0.000399
-122.539637 35.551028 -0.000873 0.000147 -0.000259
-119.487059 34.862140 0.001440 -0.000201 -0.000388
-119.847070 33.892814 0.001703 -0.000449 -0.000477
-119.766321 35.863495 -0.000135 -0.000754 0.000217
-120.776511 33.156403 0.000170 0.001345 0.000375
-120.437472 35.161134 -0.000330 -0.002854 0.000652
-119.230762 33.849563 0.001067 -0.000274 -0.000343
-119.086300 35.336785 0.000455 -0.000198 -0.000100
-121.281308 35.112294 -0.000915 -0.007213 0.001138
-122.195174 34.319566 -0.002120 0.000495 -0.000612
-122.197164 33.246512 0.000264 0.000984 0.000275
-122.214163 35.228072 -0.001827 0.000425 -0.000534
-120.560430 32.625221 0.000096 0.000649 0.000193
-122.888743 34.744025 -0.001433 0.000256 -0.000480
-122.680768 33.044980 0.000103 0.000522 0.000136
-119.909410 33.946173 0.001967 -0.000530 -0.000541
-121.482755 32.746825 0.000200 0.001024 0.000324
-120.684389 35.306752 -0.001224 -0.004675 0.001202
-121.922848 34.395694 -0.003678 0.000831 -0.000981
-122.391871 33.284757 0.000172 0.000777 0.000199
-121.034662 33.384949 0.000306 0.002329 0.000628
-122.582293 35.930723 -0.000448 -0.000049 -0.000097
-121.911755 34.530314 -0.005569 0.000819 -0.001440
-120.813149 33.818927 0.000476 0.003794 0.000759
-120.376590 33.200113 0.000236 0.000764 0.000175
-122.774232 32.717866 0.000104 0.000442 0.000129
-121.309183 34.542544 -0.022176 0.015496 -0.005719
-119.414730 32.911099 0.000300 0.000055 -0.000054
-119.815244 35.727113 -0.000112 -0.000816 0.000221
-119.544370 34.645652 0.001981 -0.000258 -0.000553
-120.372248 34.994688 0.001337 -0.001818 0.000145
-122.814763 32.726880 0.000097 0.000426 0.000123
-122.538970 35.653897 -0.000727 0.000078 -0.000203
-122.380676 32.840934 0.000177 0.000661 0.000202
-121.395166 33.623275 0.000832 0.003643 0.000916
-120.155964 32.575852 0.000111 0.000408 0.000107
-121.491572 34.000723 0.002045 0.006467 0.001164
-122.315969 35.042430 -0.002353 0.000593 -0.000722
-119.097972 32.601847 0.000216 0.000038 -0.000041
-120.528927 33.030856 0.000152 0.000878 0.000237
-121.256286 35.409422 -0.000461 -0.003932 0.000924
-120.945632 32.845984 0.000141 0.001056 0.000319
-119.666998 35.073339 0.001063 -0.000330 -0.000223
-121.646836 32.660651 0.000194 0.000903 0.000290
-120.618768 33.812657 0.000779 0.001893 0.000298
-122.199445 34.014897 -0.000554 0.000859 -0.000089
-121.071634 34.334019 0.008044 0.056312 -0.004240
-122.540232 33.989276 -0.000643 0.000419 -0.000166
-122.486208 33.978919 -0.000610 0.000473 -0.000148
-121.335622 33.420610 0.000510 0.002601 0.000709
-119.276752 34.507720 0.001524 -0.000234 -0.000461
-119.637330 33.256883 0.000492 0.000022 -0.000106
-119.712474 35.442853 0.000212 -0.000616 0.000078
-122.197933 32.993089 0.000232 0.000851 0.000257
-120.062033 35.442225 -0.000097 -0.001218 0.000296
-121.766711 35.595502 -0.000533 -0.000888 0.000126
-119.132885 35.867197 0.000069 -0.000331 0.000055
-119.640454 35.391488 0.000327 -0.000513 0.000022
-119.708899 34.055744 0.002012 -0.000530 -0.000586
-119.304243 34.030581 0.001340 -0.000325 -0.000423
-120.732580 33.828576 0.000589 0.002989 0.000560
-122.789551 33.406430 -0.000039 0.000441 0.000060
-120.335204 35.578204 -0.000493 -0.001918 0.000560
-120.534774 33.561928 0.000420 0.001315 0.000264
-119.160169 33.569997 0.000749 -0.000188 -0.000240
-122.094940 35.825130 -0.000433 -0.000360 0.000004
-121.938609 32.969174 0.000274 0.001041 0.000321
-119.248310 33.616362 0.000823 -0.000208 -0.000261
-121.888780 32.969250 0.000279 0.001079 0.000333
-121.991922 33.360555 0.000383 0.001362 0.000378
-120.679960 32.543905 0.000091 0.000665 0.000204
-120.447572 33.555694 0.000488 0.001004 0.000171
-120.391442 35.741046 -0.000462 -0.001782 0.000544
-121.766716 35.372453 -0.001083 -0.000665 -0.000062
-120.615942 35.751557 -0.000509 -0.002176 0.000656
-121.171425 33.431133 0.000418 0.002667 0.000716
-119.617900 32.918753 0.000280 0.000125 -0.000027
-119.070414 35.706398 0.000162 -0.000279 0.000012
-121.375026 34.484060 -0.009579 0.010396 -0.003194
-121.558812 35.476194 -0.000525 -0.001745 0.000343
-119.994801 33.038639 0.000265 0.000324 0.000039
-122.627564 35.810424 -0.000554 0.000021 -0.000145
-120.162265 32.964585 0.000197 0.000469 0.000100
-120.731771 33.236521 0.000185 0.001408 0.000380
-119.475233 33.821050 0.001213 -0.000320 -0.000374
-119.053961 35.949302 0.000052 -0.000311 0.000056
-121.555019 34.329443 -0.001237 0.005046 -0.000457
-121.508501 35.063399 -0.002788 -0.001461 -0.000205
-119.066110 35.891898 0.000072 -0.000308 0.000048
-120.656608 34.681797 0.017650 -0.001325 -0.000413
-122.309753 32.510779 0.000153 0.000578 0.000188
-120.600233 35.382528 -0.000954 -0.003610 0.000976
