# x(km),y(km),ux(m),uy(m),uz(m)
-120.182592 34.763312 0.006485 -0.000600 -0.001680
-122.651142 33.302894 0.001748 0.001889 -0.002141
-121.749727 35.584533 -0.000677 -0.000087 -0.001533
-122.522725 35.951486 0.000201 0.000253 0.002558
-120.798527 33.286796 0.000159 0.002182 0.001953
-121.050200 33.746377 0.000448 0.004695 -0.000544
-122.978697 35.691037 -0.000506 0.001972 -0.000846
-119.798435 33.811257 -0.000993 0.000083 -0.001523
-122.539637 35.551028 -0.003255 -0.000169 -0.002176
-119.487059 34.862140 0.001025 0.000267 0.000336
-119.847070 33.892814 0.002019 0.000645 -0.001475
-119.766321 35.863495 -0.000331 -0.001464 -0.000759
-120.776511 33.156403 0.001831 0.001341 0.000627
-120.437472 35.161134 0.000851 -0.002979 0.001948
-119.230762 33.849563 -0.000108 -0.000077 -0.001616
-119.086300 35.336785 0.000010 -0.000756 -0.000022
-121.281308 35.112294 -0.000824 -0.005384 0.002346
-122.195174 34.319566 -0.003610 -0.000949 -0.001046
-122.197164 33.246512 -0.000354 0.000547 -0.000085
-122.214163 35.228072 -0.002532 -0.000064 -0.000076
-120.560430 32.625221 -0.001491 0.000570 -0.002833
-122.888743 34.744025 -0.001808 -0.000641 -0.001380
-122.680768 33.044980 -0.000731 0.000770 -0.001524
-119.909410 33.946173 0.002505 -0.001771 0.004763
-121.482755 32.746825 0.000730 -0.000006 0.000885
-120.684389 35.306752 -0.000704 -0.006650 0.002877
-121.922848 34.395694 -0.005105 0.000139 0.000503
-122.391871 33.284757 -0.000385 0.000843 0.003646
-121.034662 33.384949 0.002640 0.002779 -0.002053
-122.582293 35.930723 -0.000245 0.000224 0.001394
-121.911755 34.530314 -0.004227 0.000926 -0.002695
-120.813149 33.818927 -0.000110 0.005648 0.003284
-120.376590 33.200113 0.000693 0.000601 0.000639
-122.774232 32.717866 0.000962 -0.000018 0.001214
-121.309183 34.542544 -0.022652 0.016020 -0.005311
-119.414730 32.911099 -0.000347 -0.001577 -0.002739
-119.815244 35.727113 -0.001097 -0.001293 0.001325
-119.544370 34.645652 0.000881 -0.001888 -0.001493
-120.372248 34.994688 0.001766 -0.001748 0.000664
-122.814763 32.726880 0.000648 -0.001174 -0.000838
-122.538970 35.653897 0.000764 0.001074 0.001189
-122.380676 32.840934 0.000688 0.000439 0.000130
-121.395166 33.623275 0.001042 0.005218 -0.001292
-120.155964 32.575852 0.001654 -0.000287 0.004178
-121.491572 34.000723 0.001647 0.005523 0.001773
-122.315969 35.042430 -0.002850 0.000555 -0.001346
-119.097972 32.601847 0.001082 -0.000148 -0.001213
-120.528927 33.030856 -0.000795 0.001689 -0.001736
-121.256286 35.409422 -0.001429 -0.002671 0.000031
-120.945632 32.845984 -0.001289 0.002449 -0.001241
-119.666998 35.073339 -0.000413 -0.000359 0.000096
-121.646836 32.660651 0.001856 0.000288 -0.000499
-120.618768 33.812657 -0.000451 0.002524 0.001273
-122.199445 34.014897 -0.000292 -0.000982 -0.001686
-121.071634 34.334019 0.007652 0.056030 -0.004177
-122.540232 33.989276 0.000497 -0.000720 0.000441
-122.486208 33.978919 0.000025 0.000306 -0.001533
-121.335622 33.420610 -0.000105 0.002927 0.000879
-119.276752 34.507720 0.001732 -0.003130 -0.001215
-119.637330 33.256883 0.000851 -0.001679 -0.001906
-119.712474 35.442853 0.000881 0.000521 -0.003247
-122.197933 32.993089 -0.000852 0.000739 0.000501
-120.062033 35.442225 -0.000336 -0.000077 -0.001729
-121.766711 35.595502 -0.000476 -0.003066 -0.001218
-119.132885 35.867197 -0.000306 -0.001400 0.000298
-119.640454 35.391488 -0.002036 -0.002822 -0.001854
-119.708899 34.055744 0.000342 -0.002051 -0.002353
-119.304243 34.030581 0.000985 0.000069 -0.005254
-120.732580 33.828576 0.001625 0.003557 0.000100
-122.789551 33.406430 -0.000742 0.000840 -0.000187
-120.335204 35.578204 -0.000428 -0.001973 0.000524
-120.534774 33.561928 -0.000466 0.000592 -0.000673
-119.160169 33.569997 0.001385 0.001471 -0.001803
-122.094940 35.825130 -0.003408 -0.000693 0.001180
-121.938609 32.969174 -0.000948 0.001657 0.003795
-119.248310 33.616362 0.001940 -0.000441 0.002189
-121.888780 32.969250 0.001093 0.000221 -0.000128
-121.991922 33.360555 -0.000221 0.001205 0.000909
-120.679960 32.543905 -0.000669 0.001011 -0.005487
-120.447572 33.555694 -0.000957 -0.000495 -0.000765
-120.391442 35.741046 -0.001523 -0.002152 -0.002100
-121.766716 35.372453 -0.001794 0.000374 0.000682
-120.615942 35.751557 -0.001454 -0.001135 0.002698
-121.171425 33.431133 0.000070 0.001779 0.000619
-119.617900 32.918753 0.000716 -0.001263 0.000380
-119.070414 35.706398 0.000530 -0.000460 -0.000649
-121.375026 34.484060 -0.008953 0.010456 -0.003710
-121.558812 35.476194 0.000489 -0.000274 -0.001694
-119.994801 33.038639 -0.001013 0.001185 -0.000098
-122.627564 35.810424 -0.000501 0.000784 0.000726
-120.162265 32.964585 0.000324 -0.000387 0.001275
-120.731771 33.236521 0.001983 0.003309 -0.001619
-119.475233 33.821050 0.002849 -0.001863 -0.001174
-119.053961 35.949302 -0.000140 0.000910 -0.001616
-121.555019 34.329443 -0.001122 0.004759 -0.003735
-121.508501 35.063399 -0.002896 -0.003021 -0.002564
-119.066110 35.891898 -0.001079 -0.000312 0.001958
-120.656608 34.681797 0.017301 -0.001264 -0.000298
-122.309753 32.510779 -0.000602 0.000530 -0.002629
-120.600233 35.382528 -0.000579 -0.003817 -0.002604
