# x(km),y(km),ux(m),uy(m),uz(m)
-120.182592 34.763312 0.004399 -0.000513 -0.000820
-122.651142 33.302894 0.000079 0.000584 0.000117
-121.749727 35.584533 -0.000505 -0.001033 0.000133
-122.522725 35.951486 -0.000416 -0.000109 -0.000083
-120.798527 33.286796 0.000201 0.001711 0.000443
-121.050200 33.746377 0.000624 0.005117 0.001090
-122.978697 35.691037 -0.000627 0.000120 -0.000210
-119.798435 33.811257 0.001444 -0.000354 -0.000410
-122.539637 35.551028 -0.000861 0.000125 -0.000265
-119.487059 34.862140 0.001440 -0.000214 -0.000392
-119.847070 33.892814 0.001737 -0.000454 -0.000489
-119.766321 35.863495 -0.000164 -0.000802 0.000222
-120.776511 33.156403 0.000171 0.001417 0.000379
-120.437472 35.161134 -0.000473 -0.003045 0.000651
-119.230762 33.849563 0.001084 -0.000277 -0.000352
-119.086300 35.336785 0.000442 -0.000215 -0.000101
-121.281308 35.112294 -0.000789 -0.007702 0.001045
-122.195174 34.319566 -0.002092 0.000533 -0.000634
-122.197164 33.246512 0.000294 0.001043 0.000280
-122.214163 35.228072 -0.001797 0.000389 -0.000545
-120.560430 32.625221 0.000096 0.000685 0.000196
-122.888743 34.744025 -0.001432 0.000261 -0.000491
-122.680768 33.044980 0.000122 0.000555 0.000139
-119.909410 33.946173 0.002007 -0.000539 -0.000554
-121.482755 32.746825 0.000212 0.001080 0.000331
-120.684389 35.306752 -0.001334 -0.004942 0.001189
-121.922848 34.395694 -0.003633 0.000889 -0.001021
-122.391871 33.284757 0.000200 0.000826 0.000203
-121.034662 33.384949 0.000315 0.002451 0.000635
-122.582293 35.930723 -0.000439 -0.000072 -0.000100
-121.911755 34.530314 -0.005540 0.000859 -0.001483
-120.813149 33.818927 0.000472 0.003961 0.000748
-120.376590 33.200113 0.000234 0.000809 0.000175
-122.774232 32.717866 0.000118 0.000469 0.000132
-121.309183 34.542544 -0.022528 0.014872 -0.006302
-119.414730 32.911099 0.000302 0.000065 -0.000057
-119.815244 35.727113 -0.000146 -0.000869 0.000225
-119.544370 34.645652 0.001999 -0.000267 -0.000561
-120.372248 34.994688 0.001196 -0.001955 0.000151
-122.814763 32.726880 0.000111 0.000453 0.000126
-122.538970 35.653897 -0.000715 0.000055 -0.000208
-122.380676 32.840934 0.000196 0.000700 0.000206
-121.395166 33.623275 0.000886 0.003842 0.000925
-120.155964 32.575852 0.000110 0.000433 0.000108
-121.491572 34.000723 0.002233 0.006842 0.001149
-122.315969 35.042430 -0.002331 0.000577 -0.000736
-119.097972 32.601847 0.000217 0.000045 -0.000043
-120.528927 33.030856 0.000151 0.000927 0.000240
-121.256286 35.409422 -0.000440 -0.004170 0.000903
-120.945632 32.845984 0.000144 0.001114 0.000325
-119.666998 35.073339 0.001040 -0.000358 -0.000224
-121.646836 32.660651 0.000206 0.000953 0.000296
-120.618768 33.812657 0.000784 0.001977 0.000287
-122.199445 34.014897 -0.000504 0.000921 -0.000098
-121.071634 34.334019 0.007780 0.057110 -0.004579
-122.540232 33.989276 -0.000617 0.000452 -0.000173
-122.486208 33.978919 -0.000581 0.000509 -0.000155
-121.335622 33.420610 0.000540 0.002742 0.000719
-119.276752 34.507720 0.001541 -0.000241 -0.000469
-119.637330 33.256883 0.000498 0.000033 -0.000111
-119.712474 35.442853 0.000177 -0.000661 0.000081
-122.197933 32.993089 0.000255 0.000900 0.000262
-120.062033 35.442225 -0.000154 -0.001300 0.000300
-121.766711 35.595502 -0.000503 -0.000981 0.000121
-119.132885 35.867197 0.000052 -0.000355 0.000056
-119.640454 35.391488 0.000295 -0.000552 0.000024
-119.708899 34.055744 0.002051 -0.000539 -0.000599
-119.304243 34.030581 0.001363 -0.000330 -0.000433
-120.732580 33.828576 0.000587 0.003117 0.000548
-122.789551 33.406430 -0.000018 0.000472 0.000060
-120.335204 35.578204 -0.000551 -0.002033 0.000565
-120.534774 33.561928 0.000419 0.001384 0.000261
-119.160169 33.569997 0.000760 -0.000188 -0.000248
-122.094940 35.825130 -0.000417 -0.000407 0.000001
-121.938609 32.969174 0.000296 0.001100 0.000328
-119.248310 33.616362 0.000836 -0.000209 -0.000269
-121.888780 32.969250 0.000301 0.001140 0.000340
-121.991922 33.360555 0.000422 0.001442 0.000384
-120.679960 32.543905 0.000091 0.000702 0.000207
-120.447572 33.555694 0.000488 0.001059 0.000166
-120.391442 35.741046 -0.000505 -0.001885 0.000549
-121.766716 35.372453 -0.001028 -0.000781 -0.000071
-120.615942 35.751557 -0.000546 -0.002297 0.000660
-121.171425 33.431133 0.000438 0.002809 0.000724
-119.617900 32.918753 0.000281 0.000138 -0.000029
-119.070414 35.706398 0.000146 -0.000300 0.000013
-121.375026 34.484060 -0.009254 0.010498 -0.003620
-121.558812 35.476194 -0.000484 -0.001893 0.000334
-119.994801 33.038639 0.000265 0.000347 0.000037
-122.627564 35.810424 -0.000545 0.000000 -0.000149
-120.162265 32.964585 0.000195 0.000498 0.000100
-120.731771 33.236521 0.000185 0.001483 0.000384
-119.475233 33.821050 0.001234 -0.000323 -0.000384
-119.053961 35.949302 0.000037 -0.000333 0.000058
-121.555019 34.329443 -0.000947 0.005327 -0.000567
-121.508501 35.063399 -0.002565 -0.001812 -0.000244
-119.066110 35.891898 0.000056 -0.000330 0.000050
-120.656608 34.681797 0.017723 -0.001273 -0.000182
-122.309753 32.510779 0.000166 0.000612 0.000192
-120.600233 35.382528 -0.001046 -0.003819 0.000972
